0.19061
0.0585739
0.0716285
1.05534
-0.52026
0.471822
0.303413
0.937829
0.86261
0.996737
0.47983
0.876039
-0.813612
-0.685839
-0.479887
-0.497557
1.19355
0.613377
-0.852971
0.0187696
1.18843
-0.947828
-0.713856
-0.593144
-0.863556
-0.81153
-0.300462
-0.864543
0.46489
-0.818448
0.582187
0.315007
-0.906237
0.893575
0.9139
0.843143
0.945249
-0.960262
-0.743982
-0.689985
0.387829
-0.708878
-0.694949
-0.2214
0.0722365
-0.990923
-0.0320088
-0.468074
0.841771
1.28421
0.515694
-1.32219
-0.944804
-0.704123
-0.971528
-0.914067
0.0376269
-0.857296
-0.259812
0.517567
0.227321
0.652
-0.867651
-1.25745
-0.382897
0.869405
-0.477828
-0.851144
-0.576394
-0.841214
0.870997
-0.60376
-0.85059
-0.582408
-0.292778
1.36772
-0.323304
-0.991603
-0.83632
-1.11215
0.910289
0.796845
0.855287
-0.712505
0.506747
-0.775496
-1.10665
0.167612
-1.10488
0.679672
-0.802386
-0.728956
1.07555
0.0639343
0.752697
-0.0173052
-0.543775
0.539175
0.237862
-1.1
-0.840527
-0.262499
-0.716379
1.06405
0.750753
0.481959
-0.548477
0.891923
0.834355
-0.877473
-0.193576
-1.01343
-0.620817
-1.17532
-1.06104
-0.988393
0.487936
1.11359
-0.886996
0.759752
0.955007
0.175843
1.16447
-0.805846
-0.413735
-0.604348
1.23908
-0.731918
-0.784451
0.706057
-0.150026
-0.124199
-0.672687
0.159509
0.282884
-0.40021
-0.713084
-0.315747
-1.18065
0.58297
0.793426
-0.677976
0.503922
-0.617683
0.260225
1.2597
-0.482071
0.902086
0.586583
-0.711042
-0.934576
-0.809108
-0.910598
-0.139424
-0.788317
-1.1335
0.924279
-1.02731
-0.0387377
0.856339
0.000606595
-0.370578
-1.00633
1.19018
0.375804
-0.420324
-0.680432
-0.796211
-0.297606
-1.18041
-0.928549
0.971941
0.0961758
-0.598262
-1.16581
-0.0908426
1.35815
-0.676034
0.590024
-0.813613
-0.00517505
1.00689
0.46884
-0.476468
-0.472231
-0.692488
0.893765
0.754675
-0.627231
0.877657
-0.635392
0.922237
-0.0427556
0.653212
-0.746117
-0.934037
-0.491744
-0.832493
-0.829418
0.117485
0.370943
0.753122
0.946177
0.518373
1.01702
-0.369641
-0.793629
0.508285
0.526267
-0.792329
0.0448569
-0.982474
-0.806372
1.41467
-1.07142
-1.03056
-0.870721
0.559734
0.367165
-1.05151
0.930425
0.822239
-0.817812
1.03199
-0.724037
0.00578101
0.653252
0.470891
-1.4234
-0.383641
0.717958
0.544663
-0.720111
0.774551
0.914701
1.25215
-0.613964
0.887045
-0.740794
-1.12895
0.415259
-0.864976
-0.504044
-0.118743
-0.583661
0.822843
0.525657
-0.811123
-0.653562
1.16855
0.849171
-1.04103
-0.423558
-0.69662
-1.01373
-0.66706
-0.669074
0.907396
-0.862832
-0.652303
-1.00606
1.22124
-0.941905
-1.07071
0.122447
0.0836216
-0.0456705
-0.91691
0.307579
0.491337
